function [arr] = getvart4(i4, i6, i8, i9)

b = zeros(9,1);
b(4,1) = i4;
b(6,1) = i6;
b(8,1) = i8;
b(9,1) = i9;

A = [-1,0,0,1,0,0,0,0,0;
	0,-1,0,0,0,0,0,8.9,11.7;
	0,0,-1,0,0,1,0,0,0;
	1,0,0,0,0,0,0,0,0;
	0,1,0,0,-1,0,0,11,0;
	0,0,1,0,0,0,0,0,0;
	0,0,0,2,3,0,-1,0,0;
	0,0,0,0,7,5,0,0,0;
	0,0,0,0,0,0,13,17,0];

arr = A\b;
	
endfunction
	