function [arr] = getvart3(i4, i6, i7)

A = [-1, 0, 0, 0, 0, 7.6, 11.7;
	0, -1, 0, 1, 0, 0, 0;
	1, 0, -1, 0, 11, 0, 0;
	0, 1, 0, 0, 0, 13, 0;
	0, 0, 2, 5, -1, 0, 0;
	0, 0, 3, 7, 0, 0, 0;
	0, 0, 0, 0, 19, 17, 0];

b = zeros(7,1);
b(4,1) = i4;
b(6,1) = i6;
b(7,1) = i7;

arr = A\b;

endfunction