%actually test 2 just done in a different format

V1 = 1.5
V2 = 1
V3 = 1.5

A = [1 0 0 0 0 0;0 1 0 0 -11 0;0 0 1 0 0 0;-2 -3 0 1 0 0;0 -7 -5 0 1 0;0 0 0 -13 -17 1];
b = [V1;V2;V3;0;0;0];

x = A\b

