%to get the vars

V1 = 1
V2 = 1

A = [1 0 -11 0 0;0 1 0 -13 0;-2 -5 1 0 0;-3 -7 0 1 0;0 0 -19 -17 1];
b = [V1;V2;0;0;0];

x = A\b
